218
231
239
75
152
213
220
163
24
84
3
251
136
49
165
48
114
107
56
170
191
36
181
161
193
224
172
87
43
37
181
165
141
55
254
219
255
228
37
178
141
91
222
59
5
62
150
108
66
54
43
184
168
10
90
167
18
225
255
78
94
215
74
7
0
85
58
192
4
166
200
164
64
19
106
184
1
27
14
5
182
120
93
47
178
186
197
191
245
82
51
135
216
221
12
65
141
161
176
224
244
158
15
98
122
14
174
195
150
185
30
19
115
212
117
192
149
153
27
73
155
68
218
133
255
105
228
36
240
153
97
106
62
223
10
119
184
166
102
177
28
9
26
188
38
70
110
78
97
38
